3.085677580700000256e+19
3.404565330678695854e+20
6.500562903287391846e+20
9.596560475896087839e+20
1.269255804850478514e+21
1.578855562111347851e+21
1.888455319372217713e+21
2.198055076633087050e+21
2.507654833893956649e+21
2.817254591154826510e+21
3.126854348415695847e+21
3.436454105676565185e+21
3.746053862937435046e+21
4.055653620198304907e+21
4.365253377459174244e+21
4.674853134720044106e+21
4.984452891980913967e+21
5.294052649241782780e+21
5.603652406502652641e+21
5.913252163763522503e+21
6.222851921024391315e+21
6.532451678285260128e+21
6.842051435546129990e+21
7.151651192807000900e+21
7.461250950067869712e+21
7.770850707328739574e+21
8.080450464589608387e+21
8.390050221850478248e+21
8.699649979111347061e+21
9.009249736372217971e+21
9.318849493633087832e+21
9.628449250893956645e+21
9.938049008154825458e+21
1.024764876541569637e+22
1.055724852267656518e+22
1.086684827993743399e+22
1.117644803719830490e+22
1.148604779445917372e+22
1.179564755172004463e+22
1.210524730898091344e+22
1.241484706624178225e+22
1.272444682350265316e+22
1.303404658076352197e+22
1.334364633802439288e+22
1.365324609528525960e+22
1.396284585254613051e+22
1.427244560980700142e+22
1.458204536706787023e+22
1.489164512432874114e+22
1.520124488158960786e+22
1.551084463885047877e+22
1.582044439611134758e+22
1.613004415337221849e+22
1.643964391063308940e+22
1.674924366789395612e+22
1.705884342515482703e+22
1.736844318241569584e+22
1.767804293967656675e+22
1.798764269693743766e+22
1.829724245419830437e+22
1.860684221145917528e+22
1.891644196872004200e+22
1.922604172598091501e+22
1.953564148324178382e+22
1.984524124050265263e+22
2.015484099776352564e+22
2.046444075502439026e+22
2.077404051228526327e+22
2.108364026954613208e+22
2.139324002680700089e+22
2.170283978406786970e+22
2.201243954132873852e+22
2.232203929858961152e+22
2.263163905585048034e+22
2.294123881311134915e+22
2.325083857037221796e+22
2.356043832763308678e+22
2.387003808489395978e+22
2.417963784215482860e+22
2.448923759941569741e+22
2.479883735667656622e+22
2.510843711393743503e+22
2.541803687119830804e+22
2.572763662845917685e+22
2.603723638572004147e+22
2.634683614298091867e+22
2.665643590024178329e+22
2.696603565750265210e+22
2.727563541476352092e+22
2.758523517202439392e+22
2.789483492928526274e+22
2.820443468654613155e+22
2.851403444380700456e+22
2.882363420106787337e+22
2.913323395832873799e+22
2.944283371558960680e+22
2.975243347285047981e+22
3.006203323011134862e+22
3.037163298737221743e+22
3.068123274463309044e+22
3.099083250189395925e+22
3.130043225915482807e+22
3.161003201641569688e+22
3.191963177367656989e+22
3.222923153093743451e+22
3.253883128819830332e+22
3.284843104545917633e+22
3.315803080272004514e+22
3.346763055998091395e+22
3.377723031724178696e+22
3.408683007450265577e+22
3.439642983176352458e+22
3.470602958902439340e+22
3.501562934628526640e+22
3.532522910354613102e+22
3.563482886080699983e+22
3.594442861806787284e+22
3.625402837532874165e+22
3.656362813258961047e+22
3.687322788985047928e+22
3.718282764711135229e+22
3.749242740437222110e+22
3.780202716163308572e+22
3.811162691889395873e+22
3.842122667615483173e+22
3.873082643341569635e+22
3.904042619067656936e+22
3.935002594793744237e+22
3.965962570519830698e+22
3.996922546245917160e+22
4.027882521972004461e+22
4.058842497698091762e+22
4.089802473424178224e+22
4.120762449150265524e+22
4.151722424876352825e+22
4.182682400602439287e+22
4.213642376328526587e+22
4.244602352054613888e+22
4.275562327780700350e+22
4.306522303506786812e+22
4.337482279232874113e+22
4.368442254958961413e+22
4.399402230685047875e+22
4.430362206411135176e+22
4.461322182137222477e+22
4.492282157863308938e+22
4.523242133589396239e+22
4.554202109315482701e+22
4.585162085041570002e+22
4.616122060767656464e+22
4.647082036493743764e+22
4.678042012219831065e+22
4.709001987945917527e+22
4.739961963672004828e+22
4.770921939398092128e+22
4.801881915124178590e+22
4.832841890850265891e+22
4.863801866576352353e+22
4.894761842302439653e+22
4.925721818028526115e+22
4.956681793754613416e+22
4.987641769480700717e+22
5.018601745206787178e+22
5.049561720932875318e+22
5.080521696658961780e+22
5.111481672385049081e+22
5.142441648111135542e+22
5.173401623837222843e+22
5.204361599563309305e+22
5.235321575289395767e+22
5.266281551015483906e+22
5.297241526741571207e+22
5.328201502467657669e+22
5.359161478193744131e+22
5.390121453919831432e+22
5.421081429645917893e+22
5.452041405372005194e+22
5.483001381098092495e+22
5.513961356824179796e+22
5.544921332550266257e+22
5.575881308276352719e+22
5.606841284002440020e+22
5.637801259728526482e+22
5.668761235454613783e+22
5.699721211180701083e+22
5.730681186906788384e+22
5.761641162632874846e+22
5.792601138358962147e+22
5.823561114085048608e+22
5.854521089811135070e+22
5.885481065537222371e+22
5.916441041263310510e+22
5.947401016989396972e+22
5.978360992715483434e+22
6.009320968441570735e+22
6.040280944167657197e+22
6.071240919893744497e+22
6.102200895619830959e+22
6.133160871345919099e+22
6.164120847072005561e+22
6.195080822798092023e+22
6.226040798524179323e+22
6.257000774250265785e+22
6.287960749976353086e+22
6.318920725702439548e+22
6.349880701428527687e+22
6.380840677154614149e+22
6.411800652880701450e+22
6.442760628606787912e+22
6.473720604332874374e+22
6.504680580058961674e+22
6.535640555785048136e+22
6.566600531511136276e+22
6.597560507237222738e+22
6.628520482963310038e+22
6.659480458689396500e+22
6.690440434415483801e+22
6.721400410141570263e+22
6.752360385867658402e+22
6.783320361593744864e+22
6.814280337319831326e+22
6.845240313045918627e+22
6.876200288772005088e+22
6.907160264498092389e+22
6.938120240224178851e+22
6.969080215950266991e+22
7.000040191676353452e+22
7.031000167402440753e+22
7.061960143128527215e+22
7.092920118854613677e+22
7.123880094580700978e+22
7.154840070306787439e+22
7.185800046032875579e+22
7.216760021758962041e+22
7.247719997485049342e+22
7.278679973211135803e+22
7.309639948937223104e+22
7.340599924663309566e+22
7.371559900389396028e+22
7.402519876115484167e+22
7.433479851841570629e+22
7.464439827567657930e+22
7.495399803293744392e+22
7.526359779019831692e+22
7.557319754745918993e+22
7.588279730472005455e+22
7.619239706198093595e+22
7.650199681924180056e+22
7.681159657650266518e+22
7.712119633376352980e+22
7.743079609102439442e+22
7.774039584828527582e+22
7.804999560554614043e+22
7.835959536280702183e+22
7.866919512006788645e+22
7.897879487732875107e+22
7.928839463458961569e+22
7.959799439185048030e+22
7.990759414911136170e+22
8.021719390637222632e+22
8.052679366363310771e+22
8.083639342089397233e+22
8.114599317815483695e+22
8.145559293541570157e+22
8.176519269267658297e+22
8.207479244993744758e+22
8.238439220719831220e+22
8.269399196445919360e+22
8.300359172172005822e+22
8.331319147898092283e+22
8.362279123624178745e+22
8.393239099350266885e+22
8.424199075076353347e+22
8.455159050802439809e+22
8.486119026528527948e+22
8.517079002254614410e+22
8.548038977980700872e+22
8.578998953706787334e+22
8.609958929432875473e+22
8.640918905158961935e+22
8.671878880885048397e+22
8.702838856611136537e+22
8.733798832337222998e+22
8.764758808063309460e+22
8.795718783789397600e+22
8.826678759515484062e+22
8.857638735241570524e+22
8.888598710967656985e+22
8.919558686693745125e+22
8.950518662419831587e+22
8.981478638145918049e+22
9.012438613872006188e+22
9.043398589598092650e+22
9.074358565324179112e+22
9.105318541050265574e+22
9.136278516776353713e+22
9.167238492502440175e+22
9.198198468228526637e+22
9.229158443954614777e+22
9.260118419680701238e+22
