6.171355161400000512e+18
3.713133088748696371e+19
6.809130661357392691e+19
9.905128233966089011e+19
1.300112580657478369e+20
1.609712337918348165e+20
1.919312095179217633e+20
2.228911852440087429e+20
2.538511609700956897e+20
2.848111366961826038e+20
3.157711124222695834e+20
3.467310881483565957e+20
3.776910638744435425e+20
4.086510396005304238e+20
4.396110153266175017e+20
4.705709910527043830e+20
5.015309667787913298e+20
5.324909425048782766e+20
5.634509182309652234e+20
5.944108939570522358e+20
6.253708696831392481e+20
6.563308454092261294e+20
6.872908211353131418e+20
7.182507968614001541e+20
7.492107725874870354e+20
7.801707483135739167e+20
8.111307240396609290e+20
8.420906997657478103e+20
8.730506754918349537e+20
9.040106512179218350e+20
9.349706269440088474e+20
9.659306026700957286e+20
9.968905783961827410e+20
1.027850554122269622e+21
1.058810529848356635e+21
1.089770505574443516e+21
1.120730481300530397e+21
1.151690457026617541e+21
1.182650432752704553e+21
1.213610408478791434e+21
1.244570384204878316e+21
1.275530359930965197e+21
1.306490335657052340e+21
1.337450311383139222e+21
1.368410287109226365e+21
1.399370262835313246e+21
1.430330238561400127e+21
1.461290214287487009e+21
1.492250190013574152e+21
1.523210165739661033e+21
1.554170141465747915e+21
1.585130117191834796e+21
1.616090092917921677e+21
1.647050068644008821e+21
1.678010044370095702e+21
1.708970020096182583e+21
1.739929995822269989e+21
1.770889971548356870e+21
1.801849947274443751e+21
1.832809923000530633e+21
1.863769898726617514e+21
1.894729874452704657e+21
1.925689850178791539e+21
1.956649825904878420e+21
1.987609801630965301e+21
2.018569777357052445e+21
2.049529753083139326e+21
2.080489728809226207e+21
2.111449704535313089e+21
2.142409680261399970e+21
2.173369655987487113e+21
2.204329631713573994e+21
2.235289607439660876e+21
2.266249583165748281e+21
2.297209558891835163e+21
2.328169534617922044e+21
2.359129510344008925e+21
2.390089486070095806e+21
2.421049461796182688e+21
2.452009437522269569e+21
2.482969413248356975e+21
2.513929388974443856e+21
2.544889364700530737e+21
2.575849340426617618e+21
2.606809316152704500e+21
2.637769291878791381e+21
2.668729267604878262e+21
2.699689243330965144e+21
2.730649219057052549e+21
2.761609194783139430e+21
2.792569170509226312e+21
2.823529146235313193e+21
2.854489121961400599e+21
2.885449097687487480e+21
2.916409073413574361e+21
2.947369049139661242e+21
2.978329024865748124e+21
3.009289000591835005e+21
3.040248976317921886e+21
3.071208952044008767e+21
3.102168927770095649e+21
3.133128903496182530e+21
3.164088879222269936e+21
3.195048854948356817e+21
3.226008830674443698e+21
3.256968806400530579e+21
3.287928782126617461e+21
3.318888757852704342e+21
3.349848733578791223e+21
3.380808709304878105e+21
3.411768685030964986e+21
3.442728660757052391e+21
3.473688636483139797e+21
3.504648612209226678e+21
3.535608587935313560e+21
3.566568563661400441e+21
3.597528539387487322e+21
3.628488515113574728e+21
3.659448490839661609e+21
3.690408466565748490e+21
3.721368442291835372e+21
3.752328418017922253e+21
3.783288393744009134e+21
3.814248369470096015e+21
3.845208345196182897e+21
3.876168320922269778e+21
3.907128296648356659e+21
3.938088272374444065e+21
3.969048248100530946e+21
4.000008223826617827e+21
4.030968199552704709e+21
4.061928175278791590e+21
4.092888151004878471e+21
4.123848126730965352e+21
4.154808102457052234e+21
4.185768078183139115e+21
4.216728053909226521e+21
4.247688029635313402e+21
4.278648005361400283e+21
4.309607981087487164e+21
4.340567956813574046e+21
4.371527932539660927e+21
4.402487908265747808e+21
4.433447883991834690e+21
4.464407859717921571e+21
4.495367835444009501e+21
4.526327811170096382e+21
4.557287786896183263e+21
4.588247762622270145e+21
4.619207738348357026e+21
4.650167714074443907e+21
4.681127689800530788e+21
4.712087665526618194e+21
4.743047641252705075e+21
4.774007616978791956e+21
4.804967592704878838e+21
4.835927568430965719e+21
4.866887544157052600e+21
4.897847519883139482e+21
4.928807495609226363e+21
4.959767471335313244e+21
4.990727447061400125e+21
5.021687422787487007e+21
5.052647398513573888e+21
5.083607374239660769e+21
5.114567349965747651e+21
5.145527325691835580e+21
5.176487301417922462e+21
5.207447277144009343e+21
5.238407252870096224e+21
5.269367228596183106e+21
5.300327204322269987e+21
5.331287180048356868e+21
5.362247155774443749e+21
5.393207131500530631e+21
5.424167107226617512e+21
5.455127082952705442e+21
5.486087058678792323e+21
5.517047034404879204e+21
5.548007010130966086e+21
5.578966985857052967e+21
5.609926961583139848e+21
5.640886937309226729e+21
5.671846913035313611e+21
5.702806888761400492e+21
5.733766864487487373e+21
5.764726840213574255e+21
5.795686815939661136e+21
5.826646791665748017e+21
5.857606767391834898e+21
5.888566743117921780e+21
5.919526718844009710e+21
5.950486694570096591e+21
5.981446670296183472e+21
6.012406646022270353e+21
6.043366621748357235e+21
6.074326597474444116e+21
6.105286573200530997e+21
6.136246548926617879e+21
6.167206524652704760e+21
6.198166500378790593e+21
6.229126476104878522e+21
6.260086451830964355e+21
6.291046427557052285e+21
6.322006403283139166e+21
6.352966379009226047e+21
6.383926354735312929e+21
6.414886330461399810e+21
6.445846306187486691e+21
6.476806281913574621e+21
6.507766257639660454e+21
6.538726233365748384e+21
6.569686209091834216e+21
6.600646184817922146e+21
6.631606160544007979e+21
6.662566136270095909e+21
6.693526111996181742e+21
6.724486087722269671e+21
6.755446063448355504e+21
6.786406039174443434e+21
6.817366014900529267e+21
6.848325990626617197e+21
6.879285966352704078e+21
6.910245942078790959e+21
6.941205917804878889e+21
6.972165893530964722e+21
7.003125869257052652e+21
7.034085844983138484e+21
7.065045820709226414e+21
7.096005796435313295e+21
7.126965772161400177e+21
7.157925747887487058e+21
7.188885723613573939e+21
7.219845699339660820e+21
7.250805675065748750e+21
7.281765650791834583e+21
7.312725626517922513e+21
7.343685602244008346e+21
7.374645577970096275e+21
7.405605553696182108e+21
7.436565529422270038e+21
7.467525505148355871e+21
7.498485480874443801e+21
7.529445456600529633e+21
7.560405432326617563e+21
7.591365408052703396e+21
7.622325383778791326e+21
7.653285359504878207e+21
7.684245335230965088e+21
7.715205310957051970e+21
7.746165286683138851e+21
7.777125262409225732e+21
7.808085238135312613e+21
7.839045213861399495e+21
7.870005189587487425e+21
7.900965165313573257e+21
7.931925141039661187e+21
7.962885116765748068e+21
7.993845092491834950e+21
8.024805068217922879e+21
8.055765043944008712e+21
8.086725019670096642e+21
8.117684995396182475e+21
8.148644971122270405e+21
8.179604946848356237e+21
8.210564922574444167e+21
8.241524898300530000e+21
8.272484874026617930e+21
8.303444849752703762e+21
8.334404825478791692e+21
8.365364801204877525e+21
8.396324776930965455e+21
8.427284752657052336e+21
8.458244728383139217e+21
8.489204704109226099e+21
8.520164679835312980e+21
8.551124655561399861e+21
8.582084631287486743e+21
8.613044607013573624e+21
8.644004582739661554e+21
8.674964558465747386e+21
8.705924534191835316e+21
8.736884509917921149e+21
8.767844485644009079e+21
8.798804461370094911e+21
8.829764437096182841e+21
8.860724412822268674e+21
8.891684388548356604e+21
8.922644364274442437e+21
8.953604340000530366e+21
8.984564315726618296e+21
9.015524291452704129e+21
9.046484267178792059e+21
9.077444242904877892e+21
9.108404218630965821e+21
9.139364194357051654e+21
9.170324170083139584e+21
9.201284145809226465e+21
9.232244121535313347e+21
9.263204097261400228e+21
