0.0   2.190910e-27  
6.696846e+09   2.190910e-27  
6.895324e+09   2.377100e-27  
7.099453e+09   2.582160e-27  
7.308576e+09   2.807620e-27  
7.524653e+09   3.055030e-27  
7.745829e+09   3.325970e-27  
7.974025e+09   3.622000e-27  
8.208648e+09   3.944700e-27  
8.449713e+09   4.295610e-27  
8.699290e+09   4.676270e-27  
8.955335e+09   5.088170e-27  
9.219297e+09   5.532700e-27  
9.490395e+09   6.011280e-27  
9.770846e+09   6.525210e-27  
1.005911e+10   7.075750e-27  
1.035681e+10   7.664060e-27  
1.066387e+10   8.291250e-27  
1.098030e+10   8.958330e-27  
1.130522e+10   9.666190e-27  
1.164181e+10   1.041560e-26  
1.198923e+10   1.120730e-26  
1.234680e+10   1.204190e-26  
1.271594e+10   1.291980e-26  
1.309626e+10   1.384150e-26  
1.348925e+10   1.480710e-26  
1.389457e+10   1.581680e-26  
1.431295e+10   1.687070e-26  
1.474440e+10   1.796860e-26  
1.518967e+10   1.911050e-26  
1.564818e+10   2.029590e-26  
1.612183e+10   2.152470e-26  
1.661145e+10   2.279610e-26  
1.711573e+10   2.410970e-26  
1.763677e+10   2.546480e-26  
1.817461e+10   2.686100e-26  
1.872860e+10   2.829720e-26  
1.930087e+10   2.977240e-26  
1.989147e+10   3.128600e-26  
2.050215e+10   3.283680e-26  
2.113029e+10   3.442400e-26  
2.177900e+10   3.604680e-26  
2.244949e+10   3.770370e-26  
2.313954e+10   3.939390e-26  
2.385301e+10   4.111610e-26  
2.458742e+10   4.286930e-26  
2.534690e+10   4.465230e-26  
2.613022e+10   4.646410e-26  
2.693814e+10   4.830360e-26  
2.777144e+10   5.016980e-26  
2.863090e+10   5.206170e-26  
2.951979e+10   5.397830e-26  
3.043398e+10   5.591870e-26  
3.137933e+10   5.788210e-26  
3.235414e+10   5.986760e-26  
3.335922e+10   6.187470e-26  
3.439828e+10   6.390260e-26  
3.546639e+10   6.595080e-26  
3.657101e+10   6.801890e-26  
3.770933e+10   7.010610e-26  
3.888219e+10   7.221170e-26  
4.009182e+10   7.433620e-26  
4.134190e+10   7.648010e-26  
4.262996e+10   7.864290e-26  
4.395686e+10   8.082420e-26  
4.532805e+10   8.302430e-26  
4.674149e+10   8.524350e-26  
4.819664e+10   8.748190e-26  
4.969653e+10   8.974040e-26  
5.124503e+10   9.201920e-26  
5.284036e+10   9.431880e-26  
5.448272e+10   9.664000e-26  
5.617862e+10   9.898340e-26  
5.792517e+10   1.013500e-25  
5.972851e+10   1.037400e-25  
6.158404e+10   1.061550e-25  
6.350043e+10   1.085960e-25  
6.546638e+10   1.110640e-25  
6.750073e+10   1.135590e-25  
6.959422e+10   1.160840e-25  
7.174862e+10   1.186390e-25  
7.397078e+10   1.212250e-25  
7.625788e+10   1.238440e-25  
7.861210e+10   1.264980e-25  
8.103467e+10   1.291870e-25  
8.353339e+10   1.319130e-25  
8.610942e+10   1.346780e-25  
8.875607e+10   1.374840e-25  
9.148937e+10   1.403320e-25  
9.429482e+10   1.432240e-25  
9.718160e+10   1.461620e-25  
1.001586e+11   1.491480e-25  
1.032104e+11   1.521870e-25  
1.063623e+11   1.552780e-25  
1.096009e+11   1.584260e-25  
1.129250e+11   1.616340e-25  
1.163641e+11   1.649050e-25  
1.198840e+11   1.682440e-25  
1.235007e+11   1.716530e-25  
1.272307e+11   1.751400e-25  
1.310530e+11   1.787060e-25  
1.350010e+11   1.823570e-25  
1.390449e+11   1.860980e-25  
1.431855e+11   1.899340e-25  
1.474590e+11   1.938700e-25  
1.518473e+11   1.979120e-25  
1.563461e+11   2.020660e-25  
1.609717e+11   2.063390e-25  
1.657111e+11   2.107370e-25  
1.705907e+11   2.152660e-25  
1.755978e+11   2.199330e-25  
1.807353e+11   2.247450e-25  
1.859965e+11   2.297040e-25  
1.913935e+11   2.348210e-25  
1.969376e+11   2.401060e-25  
2.026245e+11   2.455640e-25  
2.084576e+11   2.512010e-25  
2.144279e+11   2.570230e-25  
2.205510e+11   2.630380e-25  
2.268392e+11   2.692520e-25  
2.332885e+11   2.756710e-25  
2.398864e+11   2.823020e-25  
2.466519e+11   2.891510e-25  
2.535828e+11   2.962240e-25  
2.606892e+11   3.035260e-25  
2.679640e+11   3.110640e-25  
2.754197e+11   3.188430e-25  
2.830548e+11   3.268660e-25  
2.908764e+11   3.351390e-25  
2.988801e+11   3.436700e-25  
3.070821e+11   3.524670e-25  
3.154894e+11   3.615320e-25  
3.240887e+11   3.708710e-25  
3.328933e+11   3.804890e-25  
3.419080e+11   3.903930e-25  
3.511427e+11   4.005880e-25  
3.605983e+11   4.110830e-25  
3.702742e+11   4.218840e-25  
3.801753e+11   4.329990e-25  
3.903165e+11   4.444360e-25  
4.006932e+11   4.562060e-25  
4.113241e+11   4.683180e-25  
4.221955e+11   4.807850e-25  
4.333213e+11   4.936180e-25  
4.447211e+11   5.068310e-25  
4.563802e+11   5.204290e-25  
4.683083e+11   5.344310e-25  
4.805189e+11   5.488600e-25  
4.930281e+11   5.637370e-25  
5.058136e+11   5.790820e-25  
5.189116e+11   5.949190e-25  
5.323212e+11   6.112740e-25  
5.460407e+11   6.281820e-25  
5.600813e+11   6.456770e-25  
5.744545e+11   6.637840e-25  
5.891717e+11   6.825390e-25  
6.042303e+11   7.019780e-25  
6.196448e+11   7.221480e-25  
6.354303e+11   7.430850e-25  
6.516018e+11   7.648330e-25  
6.681556e+11   7.874430e-25  
6.851063e+11   8.109660e-25  
7.024688e+11   8.354530e-25  
7.202581e+11   8.609610e-25  
7.384798e+11   8.875500e-25  
7.571484e+11   9.152840e-25  
7.762890e+11   9.442250e-25  
7.958960e+11   9.744510e-25  
8.160053e+11   1.006030e-24  
8.365988e+11   1.039070e-24  
8.577476e+11   1.073640e-24  
8.794212e+11   1.109770e-24  
9.016567e+11   1.147580e-24  
9.244571e+11   1.187290e-24  
9.478733e+11   1.229020e-24  
9.718937e+11   1.272880e-24  
9.965576e+11   1.319080e-24  
1.021868e+12   1.367830e-24  
1.047887e+12   1.419350e-24  
1.074589e+12   1.473930e-24  
1.102041e+12   1.531940e-24  
1.130240e+12   1.593790e-24  
1.159225e+12   1.659830e-24  
1.189020e+12   1.730690e-24  
1.219644e+12   1.806900e-24  
1.251092e+12   1.889000e-24  
1.283504e+12   1.977860e-24  
1.316905e+12   2.074350e-24  
1.351294e+12   2.179640e-24  
1.386647e+12   2.294800e-24  
1.422982e+12   2.420780e-24  
1.460525e+12   2.559350e-24  
1.499146e+12   2.711820e-24  
1.538965e+12   2.879250e-24  
1.580105e+12   3.063330e-24  
1.622559e+12   3.265620e-24  
1.666318e+12   3.487950e-24  
1.711503e+12   3.732450e-24  
1.758105e+12   4.000530e-24  
1.806429e+12   4.293490e-24  
1.856282e+12   4.613010e-24  
1.907809e+12   4.960540e-24  
1.961163e+12   5.337750e-24  
2.016434e+12   5.745730e-24  
2.073542e+12   6.184320e-24  
2.132874e+12   6.653580e-24  
2.194156e+12   7.153980e-24  
2.257641e+12   7.684500e-24  
2.323523e+12   8.243470e-24  
2.391891e+12   8.828450e-24  
2.462773e+12   9.438350e-24  
2.536158e+12   1.006980e-23  
2.612481e+12   1.071630e-23  
2.691555e+12   1.137260e-23  
2.773861e+12   1.203350e-23  
2.859259e+12   1.269300e-23  
2.947828e+12   1.334380e-23  
3.040060e+12   1.397940e-23  
3.135764e+12   1.459410e-23  
3.235066e+12   1.518310e-23  
3.338414e+12   1.574310e-23  
3.445588e+12   1.626670e-23  
3.557011e+12   1.674880e-23  
3.672518e+12   1.719110e-23  
3.792510e+12   1.759780e-23  
3.916714e+12   1.797350e-23  
4.045394e+12   1.832030e-23  
4.178545e+12   1.864650e-23  
4.316159e+12   1.896180e-23  
4.458375e+12   1.927240e-23  
4.605184e+12   1.958430e-23  
4.756790e+12   1.990600e-23  
4.912920e+12   2.024550e-23  
5.073978e+12   2.060860e-23  
5.239913e+12   2.100220e-23  
5.410912e+12   2.143070e-23  
5.586836e+12   2.189690e-23  
5.768184e+12   2.240380e-23  
5.954962e+12   2.295320e-23  
6.147245e+12   2.354630e-23  
6.345468e+12   2.418400e-23  
6.549567e+12   2.486680e-23  
6.759921e+12   2.559480e-23  
6.976694e+12   2.636890e-23  
7.200135e+12   2.718990e-23  
7.430401e+12   2.805790e-23  
7.668009e+12   2.897610e-23  
7.912855e+12   2.994120e-23  
8.165341e+12   3.094880e-23  
8.426009e+12   3.200190e-23  
8.694865e+12   3.310030e-23  
8.972324e+12   3.424310e-23  
9.258652e+12   3.542920e-23  
9.554781e+12   3.663520e-23  
9.860694e+12   3.784600e-23  
1.017632e+13   3.907450e-23  
1.050284e+13   4.031500e-23  
1.084003e+13   4.156090e-23  
1.118844e+13   4.281680e-23  
1.154876e+13   4.407980e-23  
1.192131e+13   4.532840e-23  
1.230638e+13   4.656470e-23  
1.270484e+13   4.778500e-23  
1.311690e+13   4.898010e-23  
1.354287e+13   5.014620e-23  
1.398381e+13   5.127690e-23  
1.443999e+13   5.237010e-23  
1.491161e+13   5.342260e-23  
1.539956e+13   5.443690e-23  
1.590424e+13   5.541040e-23  
1.642623e+13   5.634360e-23  
1.696592e+13   5.723550e-23  
1.752397e+13   5.808940e-23  
1.810123e+13   5.890580e-23  
1.869794e+13   5.968180e-23  
1.931477e+13   6.041630e-23  
1.995288e+13   6.110610e-23  
2.061227e+13   6.174800e-23  
2.129474e+13   6.233600e-23  
2.200030e+13   6.286210e-23  
2.273104e+13   6.331620e-23  
2.348667e+13   6.368730e-23  
2.426954e+13   6.396220e-23  
2.508067e+13   6.412660e-23  
2.592100e+13   6.416450e-23  
2.679244e+13   6.405960e-23  
2.769712e+13   6.379530e-23  
2.863619e+13   6.335520e-23  
2.961175e+13   6.272390e-23  
3.062614e+13   6.188820e-23  
3.168104e+13   6.083880e-23  
3.277982e+13   5.957100e-23  
3.392432e+13   5.808660e-23  
3.511715e+13   5.639540e-23  
3.635992e+13   5.451610e-23  
3.765587e+13   5.247740e-23  
3.900621e+13   5.031590e-23  
4.041153e+13   4.807840e-23  
4.187327e+13   4.582010e-23  
4.338981e+13   4.360110e-23  
4.496118e+13   4.148110e-23  
4.658386e+13   3.951320e-23  
4.825665e+13   3.773840e-23  
4.997763e+13   3.618160e-23  
5.174597e+13   3.485080e-23  
5.356168e+13   3.373860e-23  
5.542599e+13   3.282540e-23  
5.734111e+13   3.208400e-23  
5.931048e+13   3.148270e-23  
6.133768e+13   3.098870e-23  
6.342724e+13   3.057020e-23  
6.558236e+13   3.019910e-23  
6.780970e+13   2.985190e-23  
7.011221e+13   2.951200e-23  
7.249333e+13   2.916920e-23  
7.495582e+13   2.882080e-23  
7.750173e+13   2.847050e-23  
8.013219e+13   2.812790e-23  
8.284759e+13   2.780620e-23  
8.564810e+13   2.752000e-23  
8.853251e+13   2.728270e-23  
9.150386e+13   2.710480e-23  
9.456237e+13   2.699210e-23  
9.770999e+13   2.694500e-23  
1.009501e+14   2.695870e-23  
1.042877e+14   2.702350e-23  
1.077276e+14   2.712660e-23  
1.112767e+14   2.725230e-23  
1.149418e+14   2.738410e-23  
1.187301e+14   2.750550e-23  
1.226493e+14   2.760140e-23  
1.267064e+14   2.765940e-23  
1.309086e+14   2.767080e-23  
1.352623e+14   2.763070e-23  
1.397731e+14   2.753800e-23  
1.444477e+14   2.739500e-23  
1.492890e+14   2.720610e-23  
1.543052e+14   2.697640e-23  
1.594990e+14   2.671100e-23  
1.648760e+14   2.641440e-23  
1.704473e+14   2.609030e-23  
1.762114e+14   2.574220e-23  
1.821780e+14   2.537310e-23  
1.883553e+14   2.498570e-23  
1.947521e+14   2.458250e-23  
2.013703e+14   2.416520e-23  
2.082213e+14   2.373410e-23  
2.153224e+14   2.328620e-23  
2.226803e+14   2.281360e-23  
2.303207e+14   2.230180e-23  
2.382749e+14   2.172950e-23  
2.465710e+14   2.107000e-23  
2.552611e+14   2.029720e-23  
2.643798e+14   1.939450e-23  
2.739585e+14   1.836560e-23  
2.840212e+14   1.724020e-23  
2.945573e+14   1.606820e-23  
3.055558e+14   1.490630e-23  
3.169845e+14   1.380270e-23  
3.288133e+14   1.278820e-23  
3.410363e+14   1.187560e-23  
3.536370e+14   1.106510e-23  
3.666241e+14   1.035050e-23  
3.799899e+14   9.722730e-24  
3.937403e+14   9.174110e-24  
4.078807e+14   8.697190e-24  
4.224126e+14   8.285210e-24  
4.373443e+14   7.931740e-24  
4.526840e+14   7.630550e-24  
4.684428e+14   7.375610e-24  
4.846292e+14   7.161240e-24  
5.012742e+14   6.982330e-24  
5.183878e+14   6.833980e-24  
5.359819e+14   6.712240e-24  
5.540933e+14   6.613510e-24  
5.727245e+14   6.534680e-24  
5.919163e+14   6.473030e-24  
6.116715e+14   6.426150e-24  
6.320306e+14   6.391890e-24  
6.530005e+14   6.369380e-24  
6.746289e+14   6.354680e-24  
6.969142e+14   6.347840e-24  
7.198908e+14   6.347820e-24  
7.435944e+14   6.353810e-24  
7.680269e+14   6.365210e-24  
7.932222e+14   6.381520e-24  
8.192188e+14   6.402330e-24  
8.460189e+14   6.427240e-24  
8.736589e+14   6.455850e-24  
9.021842e+14   6.487770e-24  
9.315928e+14   6.522690e-24  
9.619324e+14   6.560270e-24  
9.932482e+14   6.600530e-24  
1.025544e+15   6.642200e-24  
1.058873e+15   6.685250e-24  
1.093273e+15   6.729020e-24  
1.128808e+15   6.772620e-24  
1.165489e+15   6.814840e-24  
1.203389e+15   6.853990e-24  
1.242592e+15   6.887860e-24  
1.283132e+15   6.913640e-24  
1.325113e+15   6.927960e-24  
1.368650e+15   6.926880e-24  
1.413805e+15   6.906210e-24  
1.460749e+15   6.861990e-24  
1.509528e+15   6.790170e-24  
1.560319e+15   6.688530e-24  
1.613243e+15   6.556420e-24  
1.668331e+15   6.395570e-24  
1.725720e+15   6.210200e-24  
1.785382e+15   6.006710e-24  
1.847329e+15   5.792910e-24  
1.911581e+15   5.576920e-24  
1.978047e+15   5.366280e-24  
2.046703e+15   5.166490e-24  
2.117584e+15   4.981810e-24  
2.190593e+15   4.814580e-24  
2.265778e+15   4.665620e-24  
2.343181e+15   4.534740e-24  
2.422843e+15   4.421020e-24  
2.504873e+15   4.323110e-24  
2.589274e+15   4.239610e-24  
2.676154e+15   4.168930e-24  
2.765609e+15   4.109780e-24  
2.857736e+15   4.060890e-24  
2.952646e+15   4.021110e-24  
3.050420e+15   3.989440e-24  
3.151169e+15   3.964980e-24  
3.255071e+15   3.946980e-24  
3.362130e+15   3.934760e-24  
3.472494e+15   3.927730e-24  
3.586288e+15   3.925430e-24  
3.703650e+15   3.927440e-24  
3.824661e+15   3.933410e-24  
3.949487e+15   3.943010e-24  
4.078225e+15   3.955970e-24  
4.211026e+15   3.972050e-24  
4.348028e+15   3.991060e-24  
4.489355e+15   4.012680e-24  
4.635171e+15   4.036830e-24  
4.785588e+15   4.063540e-24  
4.940798e+15   4.092670e-24  
5.100911e+15   4.124120e-24  
5.266121e+15   4.157800e-24  
5.436591e+15   4.193620e-24  
5.612475e+15   4.231490e-24  
5.793964e+15   4.271340e-24  
5.981224e+15   4.313090e-24  
6.174462e+15   4.356670e-24  
6.373962e+15   4.402020e-24  
6.579723e+15   4.449070e-24  
6.792054e+15   4.497810e-24  
7.011161e+15   4.548040e-24  
7.237279e+15   4.599790e-24  
7.470614e+15   4.653050e-24  
7.711401e+15   4.707770e-24  
7.959901e+15   4.763910e-24  
8.216334e+15   4.821410e-24  
8.480963e+15   4.880240e-24  
8.754076e+15   4.940340e-24  
9.035921e+15   5.001680e-24  
9.326788e+15   5.064230e-24  
9.626952e+15   5.127960e-24  
9.936743e+15   5.192850e-24  
1.025644e+16   5.258810e-24  
1.058638e+16   5.325890e-24  
1.092689e+16   5.394100e-24  
1.127829e+16   5.463430e-24  
1.164093e+16   5.533870e-24  
1.201518e+16   5.605420e-24  
1.240141e+16   5.678090e-24  
1.280000e+16   5.751880e-24  
1.321133e+16   5.826820e-24  
1.363583e+16   5.902860e-24  
1.407394e+16   5.980010e-24  
1.452623e+16   6.058350e-24  
1.499274e+16   6.137900e-24  
1.547413e+16   6.218660e-24  
1.597081e+16   6.300640e-24  
1.648346e+16   6.383850e-24  
1.701237e+16   6.468310e-24  
1.755822e+16   6.554030e-24  
1.812142e+16   6.641000e-24  
1.870253e+16   6.729300e-24  
1.930210e+16   6.818960e-24  
1.992081e+16   6.910020e-24  
2.055908e+16   7.002510e-24  
2.121760e+16   7.096460e-24  
2.189692e+16   7.191920e-24  
2.259786e+16   7.288920e-24  
2.332083e+16   7.387480e-24  
2.406681e+16   7.487670e-24  
2.483621e+16   7.589520e-24  
2.562985e+16   7.693070e-24  
2.644855e+16   7.798360e-24  
2.729301e+16   7.905430e-24  
2.816392e+16   8.014330e-24  
2.906224e+16   8.125120e-24  
2.998851e+16   8.237840e-24  
3.094385e+16   8.352540e-24  
3.192908e+16   8.469240e-24  
3.294503e+16   8.587990e-24  
3.399251e+16   8.708800e-24  
3.507264e+16   8.831700e-24  
3.618638e+16   8.956720e-24  
3.733455e+16   9.083870e-24  
3.851811e+16   9.213180e-24  
3.973832e+16   9.344660e-24  
4.099613e+16   9.478330e-24  
4.229264e+16   9.614210e-24  
4.362882e+16   9.752320e-24  
4.500591e+16   9.892680e-24  
4.642515e+16   1.003530e-23  
4.788763e+16   1.017980e-23  
4.939447e+16   1.032650e-23  
5.094703e+16   1.047560e-23  
5.254643e+16   1.062710e-23  
5.419403e+16   1.078090e-23  
5.589094e+16   1.093720e-23  
5.763854e+16   1.109580e-23  
5.943820e+16   1.125680e-23  
6.129117e+16   1.142020e-23  
6.319882e+16   1.158610e-23  
6.516253e+16   1.175440e-23  
6.718353e+16   1.192510e-23  
6.926335e+16   1.209830e-23  
7.140322e+16   1.227390e-23  
7.360453e+16   1.245200e-23  
7.586878e+16   1.263250e-23  
7.819693e+16   1.281540e-23  
8.059065e+16   1.300080e-23  
8.305104e+16   1.318860e-23  
8.557933e+16   1.337880e-23  
8.817676e+16   1.357140e-23  
9.084430e+16   1.376640e-23  
9.358319e+16   1.396370e-23  
9.639439e+16   1.416340e-23  
9.927845e+16   1.436530e-23  
1.022363e+17   1.456940e-23  
1.052683e+17   1.477570e-23  
1.083748e+17   1.498410e-23  
1.115559e+17   1.519450e-23  
1.148113e+17   1.540680e-23  
1.181405e+17   1.562090e-23  
1.215424e+17   1.583670e-23  
1.250157e+17   1.605390e-23  
1.285583e+17   1.627250e-23  
1.321678e+17   1.649220e-23  
1.358627e+17   1.671430e-23  
1.562308e+17   1.792344e-23  
1.796523e+17   1.922004e-23  
2.065850e+17   2.061045e-23  
2.375554e+17   2.210144e-23  
2.731688e+17   2.370028e-23  
3.141212e+17   2.541480e-23  
3.612130e+17   2.725334e-23  
4.153647e+17   2.922488e-23  
4.776345e+17   3.133905e-23  
5.492396e+17   3.360616e-23  
6.315794e+17   3.603728e-23  
7.262633e+17   3.864427e-23  
8.351419e+17   4.143985e-23  
9.603431e+17   4.443766e-23  
1.104314e+18   4.765234e-23  
1.269868e+18   5.109958e-23  
1.460242e+18   5.479620e-23  
1.679156e+18   5.876023e-23  
1.930888e+18   6.301103e-23  
2.220359e+18   6.756933e-23  
2.553227e+18   7.245739e-23  
2.935997e+18   7.769906e-23  
3.376150e+18   8.331992e-23  
3.882289e+18   8.934740e-23  
4.464306e+18   9.581092e-23  
5.133578e+18   1.027420e-22  
5.903183e+18   1.101745e-22  
6.788165e+18   1.181447e-22  
7.805820e+18   1.266914e-22  
8.976038e+18   1.358565e-22  
1.032169e+19   1.456845e-22  
1.186908e+19   1.562235e-22  
1.364844e+19   1.675250e-22  
1.569456e+19   1.796440e-22  
1.804743e+19   1.926397e-22  
2.075303e+19   2.065755e-22  
2.386425e+19   2.215194e-22  
2.744188e+19   2.375445e-22  
3.155586e+19   2.547288e-22  
3.628659e+19   2.731562e-22  
4.172653e+19   2.929167e-22  
4.798201e+19   3.141067e-22  
5.517528e+19   3.368296e-22  
6.344695e+19   3.611964e-22  
7.295866e+19   3.873258e-22  
8.389634e+19   4.153455e-22  
9.647375e+19   4.453922e-22  
1.109367e+20   4.776125e-22  
1.275679e+20   5.121636e-22  
1.466924e+20   5.492142e-22  
1.686839e+20   5.889452e-22  
1.939724e+20   6.315503e-22  
2.230519e+20   6.772375e-22  
2.564910e+20   7.262298e-22  
2.949431e+20   7.787663e-22  
3.391599e+20   8.351033e-22  
3.900054e+20   8.955159e-22  
4.484734e+20   9.602988e-22  
5.157068e+20   1.029768e-21  
5.930196e+20   1.104263e-21  
6.819227e+20   1.184147e-21  
7.841539e+20   1.269810e-21  
9.017112e+20   1.361670e-21  
1.036892e+21   1.460175e-21  
1.192339e+21   1.565806e-21  
1.371090e+21   1.679078e-21  
1.576638e+21   1.800545e-21  
1.813002e+21   1.930799e-21  
2.084800e+21   2.070476e-21  
2.397345e+21   2.220257e-21  
2.756745e+21   2.380873e-21  
3.170025e+21   2.553109e-21  
3.645263e+21   2.737805e-21  
4.191747e+21   2.935861e-21  
4.820157e+21   3.148246e-21  
5.542776e+21   3.375994e-21  
6.373727e+21   3.620218e-21  
7.329251e+21   3.882110e-21  
8.428024e+21   4.162947e-21  
9.691520e+21   4.464100e-21  
1.114443e+22   4.787040e-21  
1.281516e+22   5.133341e-21  
1.473636e+22   5.504694e-21  
1.694558e+22   5.902911e-21  
1.948600e+22   6.329936e-21  
2.240726e+22   6.787852e-21  
2.576647e+22   7.278895e-21  
2.962928e+22   7.805460e-21  
3.407118e+22   8.370118e-21  
3.917900e+22   8.975624e-21  
4.505256e+22   9.624934e-21  
5.180666e+22   1.032121e-20  
5.957332e+22   1.106787e-20  
6.850431e+22   1.186853e-20  
7.877421e+22   1.272712e-20  
9.058373e+22   1.364781e-20  
1.041637e+23   1.463512e-20  
1.197795e+23   1.569384e-20  
1.377364e+23   1.682916e-20  
